1 10
100 200
201 210
900 1000
10 1
200 100
210 201
1000 900
999990 999999
999999 999990
10 10
100 100
1000 1000
1 999990
568065 40899
447873 221412
297544 672131
293829 474185
836234 527750
96426 937901
265359 342314
614822 391656
232374 729476
818145 613312
854468 592317
782272 350730
475609 574855
212620 230805
840752 786531
818068 673910
552142 651793
2364 941179
253349 934464
480876 741982
74986 700846
616067 176154
769176 228008
878940 402728
421873 579755
591422 478273
232645 784439
993434 257274
765995 873258
562961 301916
691575 769126
288111 840204
694384 525979
531984 573055
603180 213211
41116 994862
123116 401036
151336 226709
734860 138011
704807 266500
428757 26804
204991 314888
23459 584147
486529 192401
744605 68145
710529 546553
187058 528232
401376 469699
250264 826009
558028 332765
732069 848995
384682 810460
895248 242586
638080 798499
334475 327509
837373 830112
479004 758719
624241 92204
68239 439740
164355 260418
908560 345351
352539 544849
756402 188085
939409 573627
358280 697519
612283 674454
721907 729091
236907 607599
79396 538936
215064 33163
97651 491429
15005 552856
255057 996343
796306 962131
807626 74755
119423 24667
476499 585881
573401 351914
992824 229922
35848 767727
802489 837874
325268 189801
768015 792465
90232 623263
667305 694739
143138 942812
874717 229329
52511 877265
302157 287778
308634 803526
753887 812958
193148 837571
121807 613127
213444 722704
331708 802617
410981 769278
686884 724822
360848 340717
175327 264748
393684 517940
384353 317592
501799 824904
321164 216401
298508 339749
375141 57871
809732 595448
525475 940450
657530 612335
562918 679842
531640 791824
988255 536875
94638 37354
936765 620251
335861 975434
187510 661453
247276 167903
735739 501724
826490 565837
9530 556673
516845 748363
44562 647063
855441 475153
588487 359648
135855 34365
603285 19557
174511 374610
596925 115732
132542 364451
305213 661229
690404 137822
265418 196175
658211 106264
625381 442499
608404 484094
505518 336907
155371 415376
698330 729801
390351 46823
495182 58994
74061 255705
91759 459779
550017 790121
385986 508027
544353 970380
215906 227722
733983 492543
354425 308518
889450 21541
594391 20816
982881 134573
616616 252564
9946 532379
672978 750622
80395 386170
855233 139711
165379 346966
529430 354027
578850 653346
200496 67818
734899 68628
370767 830598
556190 573300
446647 707005
553654 796583
5415 305045
94386 932798
115871 182358
575467 959651
451821 391709
901756 787369
949591 842776
746057 430167
923399 5792
148254 639609
147632 863654
892769 70700
392689 467493
741385 615574
335290 318411
811349 9348
776431 267570
930155 937715
801696 892616
504692 33954
993290 402690
156340 202106
625674 113601
333544 508815
782455 718991
915921 701104
3562 723600
653832 316249
881018 317799
753082 227510
655461 233866
923985 475215
85873 44153
924298 227486
76264 426308
628903 616785
101059 679888
638681 509582
334563 140642
509351 20942
60958 534706
219696 316901
227987 995129
328695 189656
235568 823512
786524 33270
48369 630624
283673 698184
82684 264601
588196 371345
157118 675986
539104 941071
265723 398345
828418 128107
832572 747011
564738 931962
347744 934704
781785 154235
830452 994597
280924 48855
828294 102634
86007 289389
855805 612253
313532 951936
676464 644195
574766 738324
10029 917831
229014 686944
830996 614118
947030 678737
229189 205796
801767 440746
201283 27019
661589 206717
407937 790681
771340 145931
936032 989311
687080 210510
921073 258718
553184 400235
287470 796086
69734 730875
298279 54909
112138 567424
517587 684895
848983 489157
181139 852963
930476 833356
438862 170354
563615 575856
226168 389556
359688 483768
237159 346612
486742 508608
766156 219706
806582 845488
426861 645110
279105 416811
968177 524002
928646 448248
300977 221649
314381 954088
529870 331359
643008 290247
287444 859860
855788 412535
412658 22522
731270 655513
461013 353073
908622 544577
553522 57717
497576 622260
256173 291627
951665 825409
838828 846035
413149 841933
333020 127247
912331 361293
442074 361724
832882 208533
974010 202143
592459 327246
793816 810565
496406 867774
641068 502143
911389 596211
791109 401454
230048 677055
834345 218561
339968 465515
152007 966523
860419 954897
127483 346251
978597 25030
177585 701198
240843 558375
541804 169367
719328 417656
948697 273459
393769 54587
53489 346274
176674 747667
805654 991808
553410 960513
221987 761616
195380 612209
487216 339839
746553 340496
915198 998520
415356 633879
332744 56922
689621 234703
71891 184878
353913 269758
969335 301252
638141 178405
373295 933923
137219 25685
973148 618953
105043 770731
434690 428917
549714 897135
113306 363372
169085 167257
822849 361980
710321 824266
905002 945834
297511 894089
8238 970844
347720 126379
563615 806996
294723 822804
56473 354275
655908 886616
13509 605574
71363 127965
621059 557395
149760 876511
133329 992153
131601 690637
705655 875908
829723 538320
420591 485022
421246 647828
824538 801265
333681 45488
564846 210812
441004 560034
125379 568896
447066 234759
310172 780360
355991 65638
220795 516109
558739 262013
385632 427101
358478 315169
961840 657019
405980 940875
845189 150158
850864 728254
927311 736425
652802 629335
566969 196461
373520 604947
175991 501478
615561 772672
154274 886172
273305 281799
682417 657529
640742 347899
677339 566026
125184 228658
742372 585469
620752 885404
932650 554028
577949 859812
869205 417937
296960 167829
531369 662463
314063 70236
797960 287558
353690 500983
959310 975028
450063 661327
508594 139496
325549 622960
252069 108250
32704 317635
739243 295936
440410 201191
173001 294561
835580 997723
415768 414833
339138 657062
362791 957692
212277 161431
491855 816604
294594 720233
323450 562932
855045 390452
904006 421681
682177 671977
585934 356185
812670 377416
205907 435608
526757 791532
343232 562356
957697 929234
440139 407821
450901 991596
944171 445598
180314 35057
424239 906563
773003 50290
511416 114790
20395 319423
212562 306808
137935 929751
263184 21120
737759 670577
30660 421228
867393 26399
38212 98668
581838 965181
715438 738736
905021 642609
586503 515309
790530 605089
715788 118169
577159 336568
731753 967665
668948 21777
332526 431968
149466 72218
72046 24222
832671 963164
525130 493469
307282 611786
910541 769754
975576 422508
356149 203383
132584 20985
793536 139365
918221 125303
617391 950508
301744 352598
910445 383791
679743 56356
185320 11387
450414 632646
89583 269498
345311 305179
930844 280847
15492 838093
563436 299029
676456 724744
224703 764495
682882 559104
81118 893678
313812 580604
490957 159083
571559 413612
82990 962472
54972 803463
331709 893384
644365 8813
920125 966465
400327 204368
271232 277820
148641 984839
468902 491990
147927 847922
875879 691442
210199 359908
983779 876274
482190 955970
82965 271866
342360 584981
113270 889643
35846 709213
575658 975446
44708 473372
320839 231502
270373 510966
399736 880859
566825 684239
247424 93159
846122 709465
721970 325396
113010 719858
253759 313394
28986 331787
967141 323179
721638 364708
650131 814750
916433 112493
343136 368090
902521 339781
302232 832611
72282 756828
236781 280485
824830 509135
883922 627122
722339 229049
388988 423865
457151 33927
9232 717919
829252 792443
784867 611156
123822 888523
381724 929348
460847 93407
543509 710138
21948 992240
498159 106110
128930 311009
127271 824450
172009 722772
758884 381680
704333 1364
261847 837009
946644 343092
124763 600066
271257 403208
136461 262944
314904 775512
952938 141289
769374 404917
358336 342264
430353 990102
810955 163043
387681 265533
489050 800137
822520 702123
457271 466076
317216 65118
257909 951630
852394 350847
202935 325130
331432 290805
777498 535599
840404 645712
75339 935454
653570 494864
28257 968273
776089 17365
69485 540422
901957 540503
894261 445759
583993 787133
370872 431371
422459 286522
109710 423625
895725 371246
178768 26665
363331 730653
309609 880967
346933 128635
353728 889582
815194 281927
198525 651152
505633 75641
674355 506385
608289 825683
257198 10859
670964 367387
712732 1785
444858 201746
94019 99302
646154 400979
727682 383073
623047 329339
242876 674356
242815 49931
840373 362776
852561 406150
207177 604777
544835 493308
77085 581552
531866 597491
82152 999950
170138 780277
777648 504818
509977 953030
467977 12714
820864 992762
358193 853603
286173 784570
13342 3755
302753 765244
142045 718482
641008 20872
318986 165217
862186 473245
390239 97872
48503 693837
377380 96069
38018 181212
657983 129622
976012 24119
115204 251119
690167 535186
789125 657281
160114 380951
386177 801461
947825 585664
272967 724658
59027 839597
277855 976252
112139 817054
22217 213194
362883 200395
83601 294438
299562 195991
28731 504437
925077 272737
159130 998890
711837 387375
409809 256795
902187 587511
469745 245821
768474 927485
506953 856481
712578 507130
198831 849650
7509 590990
639816 284647
621031 279737
834005 583875
324242 942570
784471 296987
33418 809663
715385 923818
463990 729887
664853 500140
157488 1095
318095 940482
700515 138917
26459 761140
512552 315750
363500 33239
649684 469074
360499 221339
270667 725411
475013 160024
788888 633888
251031 869654
306933 269200
540571 618421
871126 648778
167892 620832
529122 783994
491600 336693
394625 696560
914287 256694
334895 412895
995118 587244
607052 884042
865411 613835
93572 18503
547342 105104
707936 276993
446736 701285
498278 975340
444119 935079
39386 76005
377803 142092
832920 474510
200428 702784
78774 34240
607505 915813
754322 614709
911114 971490
209050 637190
733842 674955
426302 632475
290039 618570
757775 419207
151137 338817
594767 742973
880081 256311
803548 293959
897919 378714
688804 451178
422048 104336
116338 720061
923565 601111
273778 705794
333309 344791
147142 865666
156196 773036
541118 962234
749876 671884
71940 602189
7642 631478
722784 221250
926722 487594
543953 802030
574865 622384
321061 821716
727591 508425
505357 179924
197636 74109
236892 429550
636574 750927
830249 296348
661015 118378
458047 837824
865386 492808
638376 668693
526598 131901
780862 313954
257730 902805
84896 556084
49086 509786
56062 859833
746928 504078
79674 618689
808706 131159
807687 281031
724081 139631
418594 521260
270244 244844
610606 914218
692475 349854
941988 83985
350703 559075
229859 890869
682445 315240
129984 417261
553485 143719
393434 509199
37502 676910
83170 931645
312063 160677
842417 134211
247042 522427
113750 744465
698068 946978
974108 160748
800071 830299
694808 448727
875050 414106
697818 53581
678108 967873
292521 467025
677504 519559
378183 683972
196147 974963
533638 331897
773650 677624
464418 915837
733204 660437
111007 661666
921355 754489
623263 669444
380039 45197
654820 888030
948185 851737
630087 440771
117793 563436
843979 309312
842360 401149
483966 35237
789698 579397
819536 966405
117754 866267
936372 831299
953079 995584
656983 937289
381053 810168
58719 209968
876707 841581
685935 240506
256473 515586
570317 549064
383742 347992
501349 223880
628500 809230
558841 663583
62723 794320
984418 335206
397852 134723
773302 115634
157407 431453
428644 787709
211346 823080
736627 935881
373624 801885
579591 977350
765101 696226
550448 658433
230462 968823
498538 846968
185378 313144
454490 560992
791968 975205
279682 700835
565126 680302
603184 437348
411253 840679
434760 799882
626354 396500
265707 403386
328854 950335
865421 388044
927786 771756
837164 259097
585133 149423
650811 808352
516185 631217
241958 336671
370946 4192
931158 951669
694753 763403
459975 32088
780495 826809
847508 147758
766841 656495
631973 409042
949988 746481
892591 492146
852306 689429
985912 147675
844849 419295
711116 342446
716671 301641
694465 832016
31592 917672
213331 142733
821099 216768
260701 505670
436735 376048
527680 360282
741762 733152
850017 973817
397454 829607
974684 841284
503513 379481
994649 308236
964069 807657
611362 99880
832633 285343
7968 314893
27510 55198
332745 713817
29475 569063
205514 454980
660497 237158
238331 60631
338170 816561
996392 214691
291419 950260
871469 63516
808687 381044
9327 562611
520060 462062
88036 648087
876708 846662
165438 59322
828919 515542
735143 992246
864489 385213
321224 650072
36254 156308
503433 545004
42478 450627
45770 636937
721886 706467
725521 543915
336209 766768
587822 639322
52078 65138
844371 410430
874124 797568
814366 487233
117837 817578
469309 220024
234575 381705
289220 939393
18025 251816
303832 461113
321288 3995
304146 436110
175050 371353
888791 492556
967715 391195
785168 11671
657786 697830
521987 355529
447845 401198
227527 424260
61900 754166
782827 776380
38845 78047
640329 768572
77499 780589
678447 333778
37934 654481
277737 490417
27770 773000
295687 127573
479396 225737
969997 153647
713459 941710
72447 561079
531951 5303
111331 119734
561473 976759
738852 162120
76690 838470
5557 555535
65908 154963
450717 645000
362675 170
844551 653560
860647 625352
4601 179178
271871 387682
212722 168490
193924 33714
825510 31586
877291 65229
171977 298183
40273 660905
14239 474026
216127 809566
135479 297661
433597 863920
496671 676959
785003 688266
777593 285348
667096 23654
247643 508649
233298 771292
771986 762990
96201 39780
738767 272696
232701 232364
829252 898361
605459 443867
757815 692606
607537 644969
734745 586565
20052 230813
188994 970129
981843 108870
370550 995715
592882 727658
73437 550525
936506 821125
976752 181936
412482 151587
158118 910097
863205 678416
506109 169533
956250 285001
549114 180629
793669 88535
354227 382402
715961 340795
990688 377306
306117 460367
550468 735230
4485 854988
962466 760604
801179 132454
400235 910964
278854 119992
443674 28837
553598 349957
735729 451371
317961 97664
676850 840363
271644 889036
105767 122405
68024 23268
775433 891175
765655 262247
659937 95708
764827 656608
246871 152746